Perf                          
2.1589996936269653            
3.015331442939752             
2.270616200900408             
2.548748133058437             
2.7650775507321117            
2.1825696315343386            
2.6548384268552643            
2.307953038347195             
2.7274409839515257            
2.3243398217734548            
2.5119588449925017            
2.849171388262436             
2.9988972591853447            
2.365595853494571             
2.719941214760011             
2.9450480481930366            
2.589018402682379             
2.7637341394719246            
2.3935560487992964            
2.5199403186111344            
2.6241823601710372            
2.7053791628372954            
2.7096236287973423            
2.788398250312144             
2.1138588540520638            
2.7320704651263075            
2.9598317807182886            
2.4102990324478935            
2.269273909825536             
2.634699592286462             
2.688362156217304             
2.7076504600967413            
2.5182375470975447            
2.500848331243977             
2.9231198127616493            
2.2121717228619295            
1.7733582080519916            
2.8415625380533354            
2.63333246164682              
2.746791659163886             
2.5251233917027562            
2.0553883035827787            
2.3891940164069982            
2.648314393928001             
2.7964524683744365            
1.8640341570853707            
2.2176226521739197            
2.7861278300543546            
2.764030155199778             
2.6666599016415526            
