Perf                          
53.98621960323817             
61.11968598714168             
68.25821731743122             
59.685314576095834            
62.54503858202463             
63.96101283034818             
62.5385253766143              
51.14088673845504             
61.10852508921573             
53.99249132952298             
53.987268528597156            
52.564941042706096            
59.687457265344506            
53.98235303698789             
53.980902460865536            
65.39002359199878             
52.583066033080854            
61.11068426162342             
59.70337481437082             
49.71480098730319             
63.962560462251986            
68.23760640740124             
62.55418886816403             
53.99527836242157             
63.96315887346907             
65.41059019513375             
66.82645489848426             
58.274045704420246            
48.2838387219482              
66.82480890592433             
63.97276418604247             
59.68405488129656             
73.93763705054687             
53.991707400194855            
66.81237866075571             
59.68567248981128             
56.837096089814054            
61.11510459321778             
52.56350036647211             
66.82022652300373             
55.41089882961728             
61.111957485927064            
55.409967400837104            
53.99140947523301             
55.41152522245238             
59.69869860118922             
61.11424246495369             
58.26255910337056             
58.26459508088692             
52.56608911712988             
