Perf                          
17.615544085683496            
14.766283338659889            
16.19091308157323             
17.615543710141083            
13.341651902820445            
17.615543841266117            
13.341651951874496            
13.341651827004625            
14.766282681086636            
13.341652125649091            
14.76628270356565             
20.46480501979096             
19.040175280369965            
13.341652080364042            
19.04017469621897             
20.464805062485482            
19.040175669376538            
19.040174369085946            
11.917021351961182            
11.917021490436639            
19.04017459981469             
16.19091324814042             
16.190913005264406            
14.766282507692381            
16.190913059889795            
16.190913324873577            
16.190913482149426            
13.341651966837617            
16.1909139086261              
17.6155441275896              
17.615543703542357            
17.615543878496965            
17.615544050311144            
13.341652147750892            
19.04017563280314             
16.190913212440705            
14.766282484835642            
14.76628299105306             
20.464805638140888            
16.190913433260903            
14.766282997805718            
16.19091326626068             
16.190913476884305            
14.766282341443286            
14.766283496893266            
13.341651714763714            
20.46480643635863             
14.766282587752073            
14.766282906151275            
16.190913373261537            
