Perf                          
5.5054432104449404e-18        
2.156132818487346e-11         
4.4257534891817096e-13        
1.3039631032290003e-12        
1.8965809439333577e-09        
5.6529682166399995e-30        
3.074202301468326e-09         
3.985542833128383e-08         
1.074857024879473e-24         
4.338573277547182e-12         
8.723332432840003e-20         
2.1664186993881298e-10        
0.0001027381315145604         
2.0909681527404237e-11        
2.969287541962153e-08         
1.588129040854445e-17         
6.777021727544217e-18         
1.97937480531867e-14          
1.0017992315856896e-07        
2.0654107847290333e-09        
1.0805879364394996e-15        
2.090614219157592e-11         
4.477730891644073e-13         
7.20603370952859e-20          
1.4447546752929846e-08        
1.5045175775985137e-11        
7.112537686579571e-19         
5.167380447751599e-10         
6.100878167846761e-07         
1.8952851447779353e-14        
2.91638549815856e-26          
5.522353392085331e-19         
9.082486296941508e-22         
4.740682848613385e-17         
5.479494708422503e-10         
9.487340929821372e-13         
6.357416290952307e-14         
3.0484757323007437e-12        
1.4801177262401912e-09        
7.204695438517805e-14         
3.79782463636514e-26          
6.3215304226711145e-12        
1.872761131590113e-13         
1.1513988576261712e-14        
1.1586302390126225e-15        
2.0963796206133875e-16        
5.856594014409465e-14         
1.3713313100365831e-06        
7.79576987694506e-15          
2.2391976165432362e-13        
