3.4368336203980903            
3.4415760515955043            
3.454066849829502             
4.860505972027902             
3.464043699400591             
2.0226279686453807            
4.937856396185381             
3.4431196548979983            
4.8689968526871255            
4.884798856834699             
6.289879581124531             
6.32412453170771              
3.4567059803835676            
2.129599326752924             
3.4701367638608644            
3.4367777295796103            
3.460240559266346             
2.037158951512488             
4.904019728438392             
4.852318132137711             
3.4999290100491294            
2.029108180596971             
4.9656549244485575            
2.018696580836604             
2.0059642487580547            
2.004702369714316             
4.9250453139391155            
3.4284818858101573            
6.279514271183849             
3.4904636638449276            
4.947398849111849             
4.9123444132175536            
7.709204487864056             
3.4823125275088387            
2.0552593916683364            
4.925422271583798             
6.326708347654787             
3.4912619662944167            
3.499887174303808             
6.304614069689393             
4.900806555230666             
4.886314470191486             
11.328452856185145            
4.86872695550948              
6.3027192354254               
4.928561137578363             
3.4724228187334916            
6.321932348116114             
4.888475420989245             
4.9235602252774555            
