33.122060769996324            
27.198360883489556            
36.604903668934696            
39.39289322649324             
34.8372656172815              
47.04635303777292             
46.88190743653345             
37.32601415065136             
21.85686710779902             
57.589521453501646            
56.18133343868189             
44.83976023668788             
40.57784246890509             
42.63368331241048             
30.069190041246657            
41.47872981476661             
51.243529873347256            
43.95098220244694             
39.02679321979167             
43.974053976836444            
37.803410674832776            
31.265091882191314            
38.54906570892928             
39.39243245389753             
45.565372248242824            
28.77665276837888             
41.345551293230244            
25.78479020909947             
30.710452537084848            
45.31177196759285             
32.52672266043106             
44.285476140073854            
38.97078494623014             
45.55295976134303             
35.11167602832529             
48.31080064409227             
28.463971399313664            
34.92078858490305             
41.15699423441396             
46.596319536652885            
47.903107019665754            
52.96252773471571             
30.91955189602669             
32.558283443435016            
28.951162846215936            
54.14630823252887             
58.04282790752774             
43.941513692551155            
60.313815245131934            
34.266428888073506            
