0.11914817521623614           
0.1193070085011627            
0.14161340486410726           
0.11519801980798716           
0.11191287143816117           
0.12173111587873846           
0.1458653135201694            
0.0978949734754158            
0.1253055691836875            
0.1423451255590339            
0.14090609847367358           
0.10990253946677464           
0.10183674826161974           
0.13292740449295584           
0.13185351989515584           
0.1579945280555998            
0.12537476998765332           
0.13502866034286143           
0.11457786593721406           
0.12067256438855851           
0.11427254992361613           
0.11073931340336438           
0.11821236299161128           
0.10924385326755924           
0.10534665275284145           
0.09794792863102517           
0.1489084926421642            
0.10872070835926825           
0.13281569492491063           
0.13675325988312412           
0.0860372889886259            
0.1297764894573233            
0.14020760367887372           
0.1201870514929216            
0.1285104545103381            
0.10809550798324939           
0.09107517326606569           
0.08953296898535537           
0.10424026461714962           
0.10457802869221718           
0.11472449828209885           
0.11403158620355786           
0.12710744623787565           
0.10483295634248115           
0.12050008809585154           
0.12401630782833517           
0.13113136812271167           
0.11487963761878497           
0.15814824963117907           
0.13054157601218325           
