0.7606878430234509            
0.35140734112563243           
0.24286664245300363           
0.943629592596161             
0.8157947174483126            
0.24672928842916841           
0.5730543861883884            
1.9755846944365272            
0.5366499725126501            
0.38099830668622336           
1.3705816900698808            
0.8417191230870616            
4.423499811790745             
4.573439857872425             
1.2618634564708937            
0.7961514074999043            
0.44322378970578824           
0.6923988788572647            
0.8650136995701806            
0.2440979489254918            
0.5851320110977085            
4.347643365769866             
0.5742028175583893            
4.0808017746576315            
0.856579816700376             
4.538730356841828             
0.5097488972500083            
4.223980460056882             
0.2710057594593229            
0.5026046557081778            
0.714157581162125             
0.3574632606636052            
1.3501749399048237            
2.1311939984045707            
0.5583738483593229            
1.0670854908111405            
0.36661496966445944           
0.4683145170211907            
0.5827393112119602            
1.2129113684327528            
0.26138748060486455           
0.7065601186064032            
0.9921356300761731            
4.93143687533906              
0.4496433503859997            
1.1826099002586627            
4.398987396109961             
0.23411714634161093           
4.251711564824553             
0.822110424008952             
