Perf                          
101811.59553545792            
76340.31495776845             
75880.0506917196              
93916.9202273236              
58910.47182896154             
59810.8459207496              
100887.71104420774            
118934.84423570466            
47994.56700853584             
184124.13522069095            
34312.874943941686            
47584.6764344932              
132177.1686934319             
108385.20220285514            
111813.26765075646            
170236.93127562545            
127266.65301764321            
40264.74846635477             
109240.60531142281            
141995.46770947697            
173832.45619960604            
87280.05135379855             
121712.89233118031            
38362.92223910743             
67244.73632572859             
34598.827047172395            
67256.90623830394             
81341.58536689579             
26144.766161248826            
87241.62145784489             
181402.86794512055            
123152.3796705583             
113385.48990821892            
108806.47798844626            
83762.17853754532             
38550.07177293668             
205576.5085125259             
132130.5721688898             
49191.25438935942             
55350.682733169895            
52983.683147496               
73616.07087942993             
45292.086300648945            
87771.60790216993             
42303.53756778113             
48707.257153921906            
131734.1293616427             
87462.6237425307              
53099.191235877035            
67696.48836053889             
