Perf                          
445.1838599932296             
435.196885801543              
510.42456170232157            
458.78412599363776            
565.6132347443847             
518.8047597431676             
586.7055285265335             
413.41643531678403            
512.2171605045804             
442.0843132372522             
468.45139899608876            
606.2861966483674             
730.1353199141452             
451.95090968451404            
487.31251885683605            
512.1000187271288             
549.4892928273204             
388.8372562085634             
581.1869695681289             
432.40281190027633            
445.0029384881376             
522.6738598358277             
474.6858561449625             
499.4449234950651             
491.35817068688266            
604.8113119186745             
816.2999995480042             
620.1353550398353             
553.2662260251857             
474.8983182972614             
560.6997910522625             
590.8897544172695             
591.4625121252404             
455.5222355256128             
466.23267323960386            
514.1553298147915             
442.6426969589901             
634.3352028176995             
565.7543073122112             
534.2095045874623             
636.166088709974              
596.2016599238916             
562.7502656295514             
451.9982701639583             
478.2246637512832             
562.8733195663244             
490.1737253728028             
491.4305104138177             
545.8320828196944             
439.047133714304              
