Perf                          
18.166276797379794            
19.601561916921696            
17.739890875508138            
21.520052137930634            
21.124131065421693            
21.93461824620522             
34.02846828364409             
26.436552974948995            
33.89185155502594             
28.241277012311002            
40.15739785732666             
17.87765905785244             
47.87210998270655             
24.56885143903753             
18.710142774560268            
35.367357004847975            
32.20706196858902             
24.970061027280963            
21.67321399281076             
23.418155518214007            
31.110865094242058            
24.10991800260132             
28.386942145928288            
20.05490749817966             
22.704180542340623            
18.14335965291974             
17.9415885834714              
20.404805064417985            
38.56247981427924             
25.60941683899722             
21.383750110560356            
17.925657853765244            
19.266454243865894            
19.448845191856492            
26.03437707782257             
20.591941473195902            
49.99479259906741             
25.087670224379906            
22.34069143979957             
22.26446804062647             
52.07321455327002             
29.587352836255093            
20.74948078131746             
19.19818811984129             
20.64513267719019             
26.47303738386944             
19.529354167466806            
31.549654571314534            
27.789553623834706            
22.57330086669242             
