Perf                          
0.00024409249678445684        
0.0006100269183422931         
0.10019537871328642           
0.00016497481844576754        
0.00034272490114282153        
8.457141286506519e-05         
4.940064798785896             
0.020832633547302207          
0.0005191660765394043         
0.00039603647539197036        
0.13433287977309163           
0.001076625025231743          
0.011987631463208089          
0.00040535305944290823        
0.08411005790064457           
0.00020829980844452804        
8.664050054727882             
2.300772511288998             
0.00656328888011241           
0.0001269733082971944         
5.282190795025079             
0.00014036905954212928        
0.0001508460980399103         
0.00024013355312802145        
1.006543839314143             
0.0002196862920802162         
3.92643440298031              
0.00020422455481053896        
0.0006936139097433987         
0.0031091080368644344         
0.004346586983709851          
0.0001359139452263026         
4.845761285969565e-05         
0.00020245369778708783        
0.006207700969474614          
0.000935617206791666          
0.003769637560925801          
0.020057937594048666          
0.0009113440747075504         
9.376589121428036e-05         
0.004012730127207493          
0.0005306556196499396         
0.00017929701686934482        
0.00026669766415919903        
1.1106400340233025            
0.0259043895921983            
0.00032147319969046427        
0.04818446116486841           
0.0005620491247634765         
0.0004112207631533331         
