Perf                          
156.94364803450787            
59.417580688843515            
108.39473501498372            
91.1372604845704              
112.25012098236189            
102.1405586913302             
186.0215546977195             
58.618949668335034            
167.48410141869806            
150.43439813305113            
107.53878892613321            
139.2716894787185             
61.2019899219022              
85.05336202820878             
138.01912116040194            
154.367287284215              
123.69833071103365            
245.18843092739218            
48.39188131913489             
126.27236981501021            
77.28730875676574             
79.61410966605213             
133.1480472912795             
138.00282516503955            
162.2542569151983             
188.74736725294966            
88.59502238102597             
104.39730288386507            
114.39478269357035            
161.55295715702687            
165.41235629937415            
36.757769878054965            
107.50139962548214            
97.06082630967305             
116.86548006885478            
114.33617487166212            
69.77784252063663             
142.39975275236895            
111.80146426598854            
135.27105849982615            
33.40327416377806             
99.50237772007073             
95.24260226723842             
139.28070366233572            
87.71440119478076             
64.23512174253688             
185.3948289237603             
88.65090135319957             
152.15729730750735            
45.0550837297974              
