1.1653297849061393e-06        
2.750465413151079e-11         
1.3261304524847783e-11        
1.900194494110031e-11         
4.320606805027709e-11         
1.1420229846013029e-10        
2.383486765527821e-11         
1.865397903651816e-10         
6.864116010925764e-11         
2.560223982943668e-10         
4.042329003355725e-11         
8.107599786226816e-06         
2.743591197815161e-12         
1.9436602375682335e-12        
4.340696336956835e-11         
1.6162782876482678e-12        
3.666571977445473e-10         
4.260248099135621e-12         
1.5157406777852871e-12        
1.0240747496368259e-10        
1.5177521351073751e-12        
1.0493517549360681e-10        
7.991666918406051e-11         
6.33292792428286e-12          
1.774165477977937e-11         
5.965040712743126e-11         
2.1657540064137673e-11        
4.1021953943772897e-11        
1.0819453015694672e-11        
3.4429112610920176e-11        
3.681783095247165e-10         
6.774406570019741e-11         
5.565184964536747e-12         
1.2798781061625273e-11        
1.0011651153839379e-10        
2.130556716645836e-12         
1.6757900442074237e-10        
4.0849592026666583e-07        
3.3347990516025436e-10        
3.933790355230863e-10         
9.38245833817594e-11          
1.604672473390484e-10         
1.333197630300856e-10         
9.353315952920255e-12         
4.926546719529678e-11         
2.7120437599524376e-10        
2.144547554807365e-10         
1.9860006688497802e-11        
2.2342072870295794e-11        
1.5721221811399938e-11        
