24.834385107527186            
81.96670592624294             
24.404175009902474            
24.320990685715604            
25.360940902031654            
23.394485759856078            
20.75897489134647             
25.369262298547554            
24.72561579072865             
25.57098152185583             
82.08943057492307             
29.22594772382863             
23.307094976855467            
25.959919968464295            
14.268402435221217            
79.35117662350162             
25.885815151302403            
25.44187800242174             
25.719336838037535            
75.65405107964743             
25.942387598098037            
24.975305801090954            
71.7956361110763              
25.323131015134173            
24.776353817039155            
25.433408390888655            
23.681162346204697            
22.530395479948               
21.886498797209917            
25.781113472858756            
28.65967381229273             
25.418907273370667            
25.11053726062691             
25.931984186505105            
28.24739069210545             
19.519396684861324            
25.742675002740928            
25.69017765310014             
25.252161763401013            
22.390052353351876            
26.113164139221485            
29.366275601867752            
25.55025677219876             
25.597737180670705            
25.253170028078117            
83.12503282795151             
20.906853827035356            
25.22390737700817             
25.446816132816416            
81.26481081576796             
