1.9861701556666702            
4.835431364527878             
3.410800760097274             
1.9861701556666702            
1.9861701556666702            
1.9861701556666702            
1.9861701556666702            
1.9861701556666702            
4.835431364527878             
3.410800760097274             
6.260061968958489             
3.410800760097274             
3.410800760097274             
4.835431364527878             
1.9861701556666702            
3.410800760097274             
3.410800760097274             
3.410800760097274             
6.260061968958496             
3.410800760097274             
4.835431364527878             
4.835431364527878             
3.410800760097274             
1.9861701556666702            
4.835431364527878             
3.410800760097274             
4.835431364527878             
6.260061968958489             
4.835431364527878             
4.835431364527885             
4.835431364527878             
1.9861701556666702            
6.260061968958496             
6.260061968958489             
3.410800760097274             
4.835431364527878             
3.410800760097274             
4.835431364527878             
6.260061968958489             
6.260061968958489             
1.9861701556666702            
1.9861701556666702            
1.9861701556666702            
3.410800760097274             
3.410800760097274             
4.835431364527878             
6.260061968958496             
4.835431364527878             
3.410800760097274             
1.9861701556666702            
