0.3955315216824975            
0.872014222792771             
3.566356834487869             
0.18411696174139702           
5.649624888844414             
0.2717327154926935            
0.16292475237128026           
4.446939103937188             
0.1022181194014122            
0.36916649844595567           
0.1199516546065042            
0.18997443324584398           
0.48446562115828423           
0.1597500964206405            
0.5930018775563534            
0.5286831764235115            
0.15771031207503072           
0.2700774299394786            
0.7868269630009745            
0.1473546773389845            
0.8365731776795187            
0.3772578890838209            
0.19912235173086737           
9.162098964846228             
1.4137437169726497            
0.1492891594658749            
0.13475428357681507           
0.13046363311119943           
0.1946820169209969            
0.16363142309906104           
0.0889180928907866            
0.31145570368375386           
0.21960751585059285           
0.14948061097811888           
0.17941780562931822           
0.06680203935321306           
0.15740042737239096           
0.2103817717849011            
0.17961061091338054           
0.4910736432822926            
0.22039443858264846           
0.5813202565945187            
0.09933877396629791           
0.6377586794135051            
0.7615530161951398            
0.2680172419408273            
0.39409189505263276           
0.2502324930340442            
0.20345078205491676           
13.771541508512144            
