Perf                          
245.6376919814259             
472.7673324676717             
291.6152096107915             
402.13855310838704            
360.27470422195194            
327.3733361272465             
419.6544639586232             
418.33402471926814            
253.18149635790377            
320.5195625535309             
378.80968590853274            
276.000824076582              
498.05178775978374            
343.6886006274594             
263.91791855143924            
258.63161427052347            
274.3735902950627             
354.2224854082157             
325.7730139383851             
433.59419466133323            
219.02585641626396            
431.110878070998              
508.8981386678007             
343.0704729297745             
425.602090534569              
220.6239181558453             
332.41857658280304            
390.7838416434045             
510.3137226152244             
2426.149218889635             
242.10316941593678            
474.7847579730736             
261.04196318702964            
325.78079529934615            
512.8409792313555             
463.3340009251835             
372.8119154577796             
289.6550955241238             
276.35868541690377            
491.7969184995522             
447.8974673311534             
347.01759809065334            
371.0342004809853             
474.0011536295321             
3209.9791164871276            
443.3690389377147             
251.09687105867255            
385.28756494560207            
414.4331015292513             
430.07262625926904            
