Perf                          
27.90589202741737             
28.66107712070585             
28.908499916032227            
28.374766383362637            
28.599159908900894            
28.454903292418486            
28.4772499317785              
28.422408674948073            
28.371347276845714            
27.56474053351319             
29.149127962658905            
28.250800105814687            
28.595873909103908            
28.05289651217507             
27.6500608778814              
28.853944832049386            
28.56568325194693             
28.395783041247974            
28.79495236500091             
28.159698953532903            
28.597142130596353            
28.11601177062887             
28.326338098857125            
28.019950387058216            
28.553927616163183            
28.495854983757923            
28.366118113198826            
28.8633744345022              
28.045496070545333            
28.399840228710122            
28.59707814828699             
27.817851738766958            
28.69939490927521             
28.24956164878917             
28.685299070110258            
27.995794574037703            
28.622681992547765            
28.032236424978503            
28.388448202111405            
28.83293458371882             
28.557827022223915            
28.19151084863397             
28.049865808941664            
28.61154722535518             
28.149603186862898            
28.610924105559004            
28.54512913106786             
27.934381422216173            
28.54755834373981             
28.63622112224004             
