Perf                          
0.28113554672935803           
0.38027075589091264           
0.31644421200097095           
0.27277043461545425           
0.1754174223822117            
0.2094854288449168            
0.28992989481970405           
0.3346709690690315            
0.3147520501368622            
0.19745090218108421           
0.2289206628333605            
0.2655533899804239            
0.3589223405003889            
0.2229958819590342            
0.30305277199412733           
0.1911798308109829            
0.2836595401141455            
0.2693187203984622            
0.1971437437864395            
0.293687689509188             
0.40442682180722356           
0.2022439749068539            
0.2944003643197658            
0.15433375690318565           
0.33107504050806336           
0.22687161485262974           
0.2651086365567486            
0.23209677446892749           
0.40682807744309224           
0.2552187837531144            
0.28850188469855437           
0.27195850529249704           
0.22674782708492974           
0.4476152697315982            
0.4121319122015813            
0.1893338887506332            
0.17975806272664238           
0.24788975212303793           
0.2834014870510918            
0.276255153373248             
0.2722317629328664            
0.29302072249195854           
0.3039054180664077            
0.3520468639412581            
0.20614694746045176           
0.3036275284454722            
0.3235725610537475            
0.4662417414492061            
0.26480569116074676           
0.39168954065472583           
