Perf                          
132.03763540037934            
139.31049622366498            
117.37907102389755            
129.01675869240256            
130.5279144229271             
143.47952110072404            
149.92386362427783            
137.80764745637748            
134.49793346021525            
150.79669073405398            
144.24130735751461            
116.90917857264068            
136.75117566515553            
122.9659552752056             
146.4754370372039             
130.47514960937497            
121.81276198272613            
132.62867285728947            
126.85987736418375            
119.45362040528933            
142.63318054813456            
140.71557819134995            
130.4110489078968             
117.02434755854672            
133.73269919720184            
135.51710637675103            
140.70691873096473            
133.53605392300443            
111.40493317112113            
140.01812260701254            
123.14783115106276            
154.5057161792863             
120.46037487681191            
120.77864847308554            
121.46270900331622            
143.559574742577              
126.11621488543945            
125.84018075058849            
133.96043826067265            
122.99701964143271            
129.4354279599441             
143.042680675588              
125.02083883589485            
133.15830862278435            
140.85900168811122            
125.2601271072543             
130.02664512650443            
125.72055704672556            
120.28377476840629            
133.15487199467492            
