Perf                          
1.3822588772739208e-39        
6.226183254345073e-39         
9.627540483060126e-39         
1.490148040976241e-39         
3.0739970661402474e-39        
9.795696069258553e-39         
2.236466888863002e-39         
8.03994951502231e-40          
1.2777190512281152e-38        
4.793822965489587e-39         
2.2793589197419893e-39        
3.377676886962281e-39         
6.033543954869748e-39         
4.62310589977032e-39          
1.7680310972270827e-39        
3.2328148323232965e-39        
1.1792558960009397e-38        
2.2797038141650258e-39        
2.544743756932067e-39         
2.065558481833076e-39         
3.108693510691635e-39         
5.922168348481405e-39         
5.0933577343068805e-39        
5.122166897281467e-39         
1.742157321791928e-39         
5.906986355767068e-39         
1.2890872166857418e-38        
3.5875199063526426e-39        
4.759966535132754e-39         
1.3420449206934853e-38        
6.074863370779179e-39         
2.7371346147062214e-39        
4.3372487050279674e-39        
2.229823495039671e-39         
1.1637954323219001e-38        
8.992107658053611e-39         
6.212660783858901e-39         
4.2837669457610415e-39        
5.532635835518411e-39         
1.1903167889415814e-38        
6.701057820300522e-39         
9.702479122355455e-39         
2.8614209276734342e-39        
3.4504621969450066e-39        
2.5118478944727196e-39        
2.179946058808065e-39         
6.92500866415029e-39          
3.612819239536185e-39         
3.796005752111678e-39         
1.353481860289677e-38         
