0.0024575627702633257         
0.002843389469711413          
0.0016109130075073134         
0.0028040065909361246         
0.0017600367973660878         
0.0025580977781500965         
0.002532604763037716          
0.0027598275593847953         
0.0033521954228246113         
0.003095549146632807          
0.0026658914370017387         
0.003369770874221731          
0.003064221918754147          
0.002438287062374784          
0.002542811074400408          
0.004148380385746596          
0.002796224043749163          
0.0036326008922707713         
0.0023152858215089154         
0.003067882327019988          
0.0024070470288500615         
0.00408352427769466           
0.0017914991423114354         
0.0030385135096273478         
0.003190687785812027          
0.002564105935533799          
0.0032610097287566592         
0.002714571352321424          
0.0027855385978258996         
0.0031928279816792336         
0.003293283180731558          
0.002393460422848484          
0.0025345586683733355         
0.0035853627420610254         
0.0034962294092033414         
0.001822215736475985          
0.0020261928163564542         
0.002661871139474688          
0.0025527657543424373         
0.002118864961765264          
0.002306444852660614          
0.0022881850216581513         
0.0032579956261470627         
0.002817854149068996          
0.0023343599084404026         
0.0021996300726846727         
0.0030201682052254995         
0.0025690545336477418         
0.0033193092542813957         
0.0022839181959819713         
