249.06223721696495            
213.77521778247865            
242.8422311956449             
231.30832064965637            
222.26169447056714            
242.6032338516468             
263.5937890169556             
305.2932590669425             
192.7906899950932             
246.2151934908427             
219.74984639960678            
259.99461665165313            
237.01053163818437            
206.28833006981858            
212.5403513876181             
308.5026489442597             
338.43293954344733            
258.0259470817068             
261.2059342250809             
256.34358223152424            
225.81859434374178            
212.52623668120384            
283.58800830225823            
218.97132694850154            
239.5108169326087             
203.89281677787153            
230.2904167306624             
211.4912934274049             
216.97882358064362            
262.0579003055442             
205.8867792080083             
223.85487418236755            
249.9952088569238             
228.01252027346493            
213.97418206279087            
229.6259819510534             
182.91701537320364            
226.66449573439684            
284.18351515233167            
266.69923469655157            
240.8854272784322             
270.93685378861574            
257.17944430958755            
249.95016372977614            
218.56625243256724            
252.5675117666151             
284.2024710329375             
192.18720239937284            
212.33171650853433            
234.68105403331458            
