0.0009305530695291497         
0.0014112723178197342         
0.0005555209157474274         
0.0013730161304870599         
0.0005635892036466727         
0.0007377628132676634         
0.00169200761749926           
0.00048298398847742527        
0.000973494284821322          
0.0006064219868043001         
0.0011243197487332559         
0.000672804996054405          
0.000998405642989478          
0.0013787445513361166         
0.0012799029441277498         
0.0009962831246851955         
0.001161516099099124          
0.00042770410884391207        
0.0005734725128600204         
0.0015261265933904542         
0.0012205660041226252         
0.0008646576844015523         
0.0009703669017947656         
0.0008269215809044492         
0.0006127061052911753         
0.0004685451330915995         
0.0009004696681393995         
0.00023905515397293882        
0.0005461874882908469         
0.000533679408172935          
0.0009827785512461784         
0.0012563544549520737         
0.0008256905140331761         
0.00031754566752598893        
0.00046385821394242274        
0.0010915465724112665         
0.0014977870894760967         
0.0004989076178482224         
0.0011556190528960477         
0.001890352560689737          
0.0019852584249796254         
0.000989688942404411          
0.0004902704275166814         
0.0021223106643138588         
0.0013766111279686797         
0.0005063886765544397         
0.0008940072364536627         
0.0019620362834037045         
0.0015712638512851984         
0.0013684695296825521         
