28.15867233162128             
27.999981031301655            
27.905542408598993            
28.011567771777415            
22.340099107763244            
24.104738675269676            
26.01815900669481             
28.204694326443764            
27.86236812559207             
29.389812511466122            
28.076435851874727            
29.44073365016775             
28.85828297528669             
28.90411273351                
25.240524925778313            
28.289383062601303            
83.53489875389548             
28.11106518542796             
81.81195927200949             
27.692428777284075            
82.16799415701514             
28.101784368958782            
26.490274719468893            
27.271470950450222            
28.23593188857451             
26.707450921015308            
79.91828901655201             
28.399777788685597            
28.787258826810216            
27.652851532652253            
70.16604238770621             
81.94535732817808             
28.652653834498736            
26.562891223607775            
81.26075979871203             
29.831937324806102            
81.08968580583718             
27.99959744441021             
25.821454069255047            
28.658917714686318            
27.746251446217745            
27.29637382232834             
82.81549902333724             
82.57741408670938             
28.31176426012257             
28.79467749536783             
26.68291275613847             
27.977318811135763            
28.426590942103616            
27.784764629618               
