180.26316120846332            
423.6626103743921             
290.0901322900918             
184.5291943930093             
246.99742708583608            
228.51597530462016            
233.28096328522898            
117.99617560141915            
181.24880329984381            
312.599347815225              
370.83167252574793            
328.7849732688808             
137.49178858752757            
195.29517141533339            
320.86441714876304            
369.5589336855495             
313.1556536188502             
293.6284562593259             
247.16491730958614            
208.6295701907243             
321.57978883574964            
170.2166896085646             
179.26043314893454            
283.2333730688408             
186.19624929285212            
189.9104956436173             
326.25035525709666            
244.965039070646              
285.829198838706              
257.92195630681744            
196.8457415479214             
350.51730286601907            
277.33283613947486            
248.1998893942699             
193.8068518248249             
257.23345198571536            
218.66055713744976            
197.34678655353514            
393.1034601499076             
374.4610025827569             
314.84299079177936            
256.1111148559882             
241.2863268092045             
187.76344069509622            
266.6433398521745             
220.8279914209332             
223.80045696821946            
277.0073424273781             
262.5590658540051             
249.28197616918072            
