Perf                          
3.410800760097274             
1.9861701556666702            
1.9861701556666702            
1.9861701556666702            
1.9861701556666702            
1.9861701556666702            
1.9861701556666702            
1.9861701556666702            
4.835431364527878             
1.9861701556666702            
1.9861701556666702            
1.9861701556666702            
1.9861701556666702            
3.410800760097274             
1.9861701556666702            
1.9861701556666702            
1.9861701556666702            
1.9861701556666702            
1.9861701556666702            
1.9861701556666702            
3.410800760097274             
3.410800760097274             
1.9861701556666702            
1.9861701556666702            
1.9861701556666702            
3.410800760097274             
1.9861701556666702            
1.9861701556666702            
3.410800760097274             
1.9861701556666702            
1.9861701556666702            
1.9861701556666702            
4.835431364527878             
1.9861701556666702            
1.9861701556666702            
4.835431364527878             
1.9861701556666702            
1.9861701556666702            
1.9861701556666702            
1.9861701556666702            
1.9861701556666702            
1.9861701556666702            
3.410800760097274             
1.9861701556666702            
1.9861701556666702            
1.9861701556666702            
1.9861701556666702            
3.410800760097274             
1.9861701556666702            
1.9861701556666702            
