Perf                          
0.5044246924741649            
1.4142679247574401            
0.3611659992702343            
0.03845749238734475           
0.04845313305151075           
0.5518874646554506            
0.4621627084700032            
0.10449277039360033           
1.2173610945422806            
0.6508791844173201            
0.5537081055546295            
0.5742356870434427            
0.1547099354092212            
0.05427887368208306           
0.010561093528615428          
1.8652548901550608e-06        
0.2501268240823269            
0.2689974086586883            
0.5344797557803729            
0.2671561554677577            
0.6629351536070477            
0.2930461779413156            
0.7109200940085111            
0.42261286491994376           
0.6521949753025322            
0.05542774356274961           
0.035735120164616836          
0.06501560362217808           
1.5561035344408987            
0.3549043975931795            
1.4907298471624497            
0.19114355627540874           
0.6375165925463123            
0.2700959636354033            
0.31044044761440714           
0.44320575912827653           
0.001529508689885736          
1.2301029675120758            
1.909996080475516             
0.019609928537895373          
0.13217882684714974           
0.026708815682737183          
0.14786790138784286           
0.8789167171671086            
0.19296585116521275           
0.4443285497095022            
0.13271542603848696           
1.576798345855836             
0.3070211246773126            
1.2431218721543935            
