Perf                          
120.07779627547647            
70.49159292631909             
46.51189092347174             
235.05173567043784            
80.02187255200072             
80.93538829802118             
241.02523899660966            
29.642578687356284            
281.65176102203617            
32.14906901634979             
151.1777017433378             
103.70137421064194            
247.16523325699873            
86.93273238060065             
2650.8726356043126            
82.15048365197113             
50.60328799195609             
82.76687309698829             
151.20327707347505            
136.88566585277394            
72.72658896226507             
67.92198736250107             
106.50786592776605            
134.6754963222745             
112.133166488765              
90.3415078948377              
89.73710550452792             
136.6026787525116             
154.6474523546262             
140.04930106276657            
22873.424409735137            
95.30511328278602             
92.97102604458595             
191.13689857277438            
1376.0443123510063            
94.39712815656925             
66.02638244443884             
118.14897581124234            
220.8171369167236             
139.59890189471867            
80.22737401410825             
97.42572647656255             
122.3262558461337             
84.2532338308285              
136.94700057206873            
147.06058707249656            
136.3110823838033             
199.6527607178061             
29.469683584775073            
80.22349199642613             
