Perf                          
2.0882574478633807e-28        
1.7611011506200175e-28        
2.8503839851789897e-29        
2.6545738544522785e-28        
5.801817932004306e-28         
8.522574457177539e-29         
7.569667919494359e-29         
6.944317722795705e-29         
1.7416700193283184e-28        
5.547460296799787e-29         
1.2889465344225694e-28        
1.1659940049603096e-27        
3.8028751219345548e-28        
5.966304417347603e-29         
1.3687167627277634e-26        
1.3049856259660496e-28        
1.0891849388699438e-28        
4.2641615909791755e-29        
3.1264365959097687e-28        
2.6134796540477927e-29        
3.095960580917425e-29         
1.7213113887185704e-29        
2.7712580137070522e-24        
6.008842569428516e-29         
7.884667949564253e-29         
9.572582826112716e-29         
7.986566197898146e-29         
1.2803840503920455e-28        
4.5237066760113146e-29        
2.2856025531570726e-28        
2.003995733046323e-28         
7.281159054022366e-28         
1.7326028108825644e-28        
4.243971439151196e-28         
6.511987037648719e-29         
2.7461424895842744e-28        
4.012489142487808e-29         
1.2705714930282724e-28        
1.164881446800754e-28         
1.5815884077594714e-28        
2.216975773387537e-28         
7.251726796225944e-29         
8.286833082610058e-29         
1.1913767137559653e-28        
1.2396947993417729e-23        
2.5229337622322615e-29        
1.2086798431748557e-28        
1.6113393857902626e-29        
1.049140933505146e-28         
2.666869534987178e-28         
