214.6239556414314             
231.8702701015992             
225.1163077429809             
162.63731200088273            
209.9170041068994             
302.08049397202296            
322.305461386616              
328.03423608947617            
230.9764332603961             
317.367130284581              
267.18106493280436            
189.61442859854571            
288.96427128783444            
262.97250651997285            
278.71104841844283            
272.34791737404896            
245.01702562124262            
232.34053961483096            
261.99398598524124            
277.07139077949194            
275.38070659296784            
294.34124916698056            
201.5461462117761             
222.90498768828263            
251.61487271091835            
243.11859288014728            
291.68874289458495            
294.45204254444013            
263.93320499950676            
206.29182123226792            
315.1831364860301             
269.01096698948186            
250.72311698420458            
216.27199714384892            
231.32994654583672            
187.26244291337537            
262.58911843256               
278.49401621526374            
249.45967586064592            
265.47979646579404            
281.1910256429127             
263.65300910072426            
246.97455808372206            
274.622913795641              
257.966460249437              
287.47621011544607            
302.998250142655              
291.3859451788377             
228.11419178936274            
298.64785802059384            
