0.2786352959403264            
3.9323657894045367            
0.2842025983181137            
0.17434934885379705           
0.25953099140553915           
0.35519606667183923           
0.20330311337407506           
0.2673289384441348            
0.015306695858945278          
0.2888927770412879            
0.29671029676265764           
0.06650087969067056           
0.27620849674641507           
4.022188786109147             
0.24937437937790705           
0.1769702255699481            
0.17267815195109104           
4.2746053072792805            
0.04123859089411586           
0.09050024811561933           
0.2926028046385197            
0.20750054500011442           
0.24745793231154367           
0.2684822716500488            
4.0528323980485075            
0.30392488875440804           
0.32876922119007757           
0.18757731276003936           
0.11554215407500625           
0.06335967829981232           
0.2702301580503494            
0.29496386800053576           
0.2825040216856327            
0.18289777247074218           
3.953506087277237             
0.0082849012180693            
0.2309096349400643            
0.1785409913301336            
0.19677785156869965           
0.32298867973505624           
0.03244926613210579           
3.981734909647975             
0.1035673860181539            
0.27980416908991707           
0.22746444607685862           
0.027016362308496064          
4.1168312404103045            
0.1960478654927164            
3.9862830680028334            
0.35204039148465              
