6.42601673262134e-62          
1.9173743890176018e-61        
4.4723292442511954e-63        
3.593639433301792e-62         
5.912120103185259e-63         
2.3102779247153663e-64        
7.169585873643672e-63         
5.769031786740111e-63         
7.517704033417604e-62         
8.671779995142432e-61         
3.2128053098075424e-62        
1.2977638461707688e-62        
1.7338116230191229e-62        
3.5297322602302284e-62        
3.7693502700926184e-63        
2.003929696725636e-64         
5.5889045129593175e-62        
1.7778353765896744e-63        
4.6192858561583094e-63        
5.462081828481166e-64         
4.4884343179915395e-62        
1.0146936838683848e-63        
3.0947718531872853e-62        
1.60342118275958e-61          
2.121553843598961e-61         
1.91945627826712e-61          
6.015014953993512e-60         
2.6896467241107758e-61        
2.371578214719999e-62         
3.391886090678262e-62         
6.730751188678201e-62         
2.095613590952482e-62         
1.7315641628233787e-63        
3.2400424131384266e-61        
3.296090234110118e-62         
3.7004044584371804e-62        
1.9513909414864496e-63        
1.3104291492648892e-62        
1.1624285150904887e-62        
3.4810871955209646e-62        
1.4288201025817528e-61        
1.2135756608032055e-61        
5.128073823071905e-60         
3.905662624705302e-63         
5.4437407331942206e-64        
3.438229186954134e-62         
4.5310483371821234e-60        
7.110000216133045e-62         
1.6236150296491203e-60        
1.718182816159885e-61         
