39.05443957949552             
51.12417168494608             
32.58994396853876             
41.17881619434718             
32.60168711531736             
32.5803226757663              
34.44390269033272             
35.524211774285334            
29.731521689564772            
46.84133164282042             
56.18703121481482             
32.30908219824158             
28.395372117702266            
41.20303851083861             
46.132340929828075            
48.34771043300151             
26.7467485829564              
54.01254757714045             
41.85309268582648             
52.241379768190626            
27.78069851957406             
45.5219130129781              
57.528170444767085            
64.50003919259092             
43.513171886582256            
34.808018930089986            
37.13573267730999             
61.81672873167207             
32.77499036961643             
44.27299692347188             
29.023946052077008            
46.18585677081242             
30.740970670825618            
39.706681143050844            
32.86027614691528             
46.34234403463921             
45.434425979028504            
51.110132688317066            
35.437769282840065            
24.972587597581708            
56.92954389159729             
40.45761545398784             
27.62274190210917             
22.966193063963374            
41.95451864889185             
34.03577576294509             
26.585299051392212            
37.891568145123586            
33.41996014517309             
31.23726814565515             
