419.97522757435905            
529.6562394016823             
449.0809761769538             
219.43598729240378            
320.9916545194452             
348.0180632349221             
201.71898828070076            
454.2552428516625             
181.94766541588194            
350.302093338564              
327.21702553330186            
202.15678332961716            
331.3033987809202             
540.2022393579936             
421.18244356208015            
326.38868586269643            
380.6591218115035             
509.51624737882395            
388.2261424271506             
539.9423259772552             
365.7961407383354             
335.35419811521757            
528.0064386708618             
351.94928487106205            
454.87373239837314            
270.5281277575828             
447.4080564886689             
207.85567238200136            
332.98618295395727            
362.9658190459837             
195.46851083262888            
317.8748292491386             
338.5417291788683             
400.4976970949374             
439.5681025527366             
269.8811422815154             
451.83328686457577            
650.4130567692494             
262.2896039498556             
322.3538374652515             
379.5404264478255             
331.4892773413258             
380.41677396261434            
289.1851469520317             
390.4879845907705             
367.2129314426207             
299.3361270458575             
482.55809734573324            
675.0576652097612             
336.0284465326396             
