Perf                          
2.1371875536499202e-10        
8.265770483046439e-11         
2.271067803991487e-11         
4.449277529440592e-12         
9.459885610390205e-11         
9.456207770662754e-12         
2.7028833199661065e-12        
5.326489564115562e-11         
3.9216794618747893e-10        
8.948283787136781e-12         
7.690642020863287e-11         
1.8654287671902738e-12        
2.595614471272949e-10         
3.4166833564715866e-11        
5.7880191935833777e-11        
8.172424080112278e-13         
1.1388092092497125e-12        
1.7135817983717846e-11        
8.849630582538692e-11         
2.2980349879468491e-10        
2.0211785191091065e-11        
4.657423609927539e-12         
3.2812560941154926e-11        
2.1997079995966683e-11        
1.4316739180732898e-10        
1.2775300429823478e-11        
6.20250673733286e-12          
6.470851229269468e-11         
4.49872769286069e-11          
2.198847043931498e-10         
2.2920213046851523e-12        
9.83018591686718e-08          
7.184967899921447e-11         
6.48668393209697e-11          
3.419703820343066e-11         
4.992139818595117e-12         
2.289507363058088e-12         
6.507709645812594e-11         
2.9453857008488646e-11        
1.6718738004757801e-10        
3.3272671550583304e-12        
1.423709092438227e-11         
1.693982165879318e-11         
4.069556760519668e-08         
6.621927634545696e-11         
6.049181266043767e-10         
9.839434624881745e-12         
1.2496092096836254e-11        
4.776538438025808e-11         
2.9510562502987255e-13        
