Perf                          
186.45116798739537            
160.56324513639174            
199.8578464112361             
186.86437223112966            
157.74663130641943            
137.8538051816239             
177.8014871782002             
149.05829860174617            
166.4651980333207             
117.057624576894              
190.49530617601636            
171.19618678566508            
159.17740964296843            
181.2341099997816             
172.44726532501306            
178.21465343471402            
201.2094827658508             
137.66751339542884            
142.85298524560278            
176.98980853943385            
206.98952687704116            
132.1980656643533             
155.3427373180782             
146.56589950111822            
164.94772004459514            
136.62978449603906            
172.29983191419979            
175.0462721349753             
142.17965831134893            
196.3362801429239             
179.0886332407473             
131.92251191235357            
181.56656984421784            
128.81120078375636            
181.72583307492084            
176.25319354498822            
162.18425987306364            
168.44467581109632            
156.49461067272728            
208.26456864567217            
123.07393947723654            
167.8701510179319             
144.84831670279175            
141.98145753404322            
145.84012779898808            
134.92159217736753            
166.09337655032084            
148.14567356993996            
150.79586291077817            
181.16367657466162            
