Perf                          
0.36852870613806804           
0.42122903571624765           
3.8328579535248437            
0.4244484680243684            
0.3012056784643216            
0.19930522146212443           
0.148055652222717             
0.35710695693104944           
0.2729631045568362            
0.8844139447151546            
0.25675979297042956           
0.24465985838126444           
0.17616399133628874           
2.671849323977692             
0.2788951553126861            
0.40809864158895254           
0.2875721591155178            
0.18629088923735787           
0.7423312281490078            
0.4424443268936114            
0.19012240116740234           
0.1685240040468243            
0.24155172167519945           
0.8354205836469746            
0.40761399384292657           
0.17861594507834427           
0.16689423890934252           
15.779722971501666            
0.5932186943496756            
0.4632973098061087            
0.07533833012256246           
0.09892173005338846           
0.09547371208449305           
0.34547263991700655           
0.3943402254665438            
0.1169225898914058            
0.08510282265484555           
2.784640742189234             
0.45786398437602227           
0.48452247232824563           
0.2548056569294429            
0.1987976034086791            
0.7014747085038457            
0.16093161601163405           
0.1962070413934951            
0.4905950644356633            
0.07859366453227544           
0.20473089386824403           
1.2442829306594434            
0.21304574557135683           
