Perf                          
0.29367395922068357           
0.2756138059447645            
0.1631284950404011            
0.2851874437937707            
4.363283288245459             
4.020191569321468             
0.053073682351271384          
0.1368695022411405            
0.2309021039050238            
0.2559095493484858            
0.29021156059427              
4.000796058241948             
0.04637445010242327           
0.16922034881987824           
0.06961558560528196           
0.2101553006240186            
3.948909494675529             
0.01214696561924553           
0.17499398103436797           
0.17866177806296035           
3.931722038642745             
0.22258423955492423           
0.1897836881936054            
0.13402793872149632           
0.1605953519441797            
0.09517533704781736           
0.19168716277967385           
4.026993109791734             
0.21394105366456762           
0.2553195699118598            
0.2702904174552355            
0.2709606056446523            
0.1905173002363551            
0.26073412193340784           
0.16338268862645328           
0.2859187830198714            
0.19131512799488642           
0.17033597409291912           
0.24818850713630985           
0.02961185749201637           
3.9457739615561804            
0.008164493905393106          
0.13463274546632464           
0.3222826125135939            
0.2174536187014473            
0.09655581578905412           
0.27244949629285603           
0.014731424026479046          
0.25948607659507106           
0.3328296594416643            
