Perf                          
38.9956227304188              
27.587957584807953            
31.154844250541316            
41.127258483312175            
31.872469708068024            
49.685662424979796            
73.92517458161225             
34.72173093343463             
41.137878792625315            
38.99562273137542             
56.101810295055685            
48.26103181473738             
34.004105458563345            
68.21603185211893             
48.26058307822018             
47.55402666847269             
70.35828791429489             
38.995174021846594            
29.012588187984477            
31.86184940514721             
26.16332697840579             
30.437218794218268            
40.42025333455183             
46.11832701588747             
31.154844251254985            
23.31406576950394             
34.72173093024992             
34.00410545876332             
44.69369641260528             
49.68566241951447             
41.12680974442094             
46.11877575453093             
32.579474854227044            
66.79095251172143             
29.012588187294398            
51.10984429322329             
37.57099212559763             
83.90865786235898             
32.57902611750313             
40.420253340329               
34.00410545925547             
40.4202533346741              
35.42873606304124             
40.42025333538953             
41.84488394886358             
24.73869637411343             
29.012588187971232            
31.154844249888527            
29.012588191934924            
31.87246970831154             
