Perf                          
1.1666231339370148e-61        
1.066504929350217e-62         
7.912552905348338e-64         
3.3799816906651506e-64        
2.6824025146364927e-63        
4.035420455150963e-64         
5.423387772388312e-63         
2.1254118323750547e-63        
1.9821649982629144e-61        
1.1921160308257337e-61        
7.392267564867605e-64         
1.2295626513488382e-62        
2.9205036676276665e-64        
2.36280669647073e-62          
1.1148184149322493e-61        
9.620717127504194e-62         
9.194370937948898e-60         
1.0158793122779643e-62        
2.7013318433367694e-62        
3.1543929855102006e-64        
1.9311548256207273e-62        
9.652574796213222e-65         
8.732165741488508e-63         
4.7110286409904575e-63        
3.1821916651827886e-61        
3.174408049538868e-63         
4.271305368772903e-63         
2.3202342838688778e-63        
7.8681846443196e-62           
9.21546891953267e-60          
1.37867676177431e-60          
2.4574843654917916e-62        
1.3665082330088605e-62        
7.0093940933281325e-65        
1.5234316850845364e-61        
3.039420903018832e-63         
1.947907910220155e-62         
7.891476980053896e-63         
3.3862774164791784e-63        
7.312465343434284e-63         
1.0819241595595067e-62        
2.490334190238793e-63         
1.5444997336147798e-62        
3.550083610189401e-63         
6.764300908831537e-62         
1.241989203614168e-63         
1.799385095207215e-61         
1.3120599688647481e-62        
2.0645541483513234e-60        
2.3523812767717976e-62        
