Perf                          
25.82972091792164             
80.13418850436801             
25.737253205297804            
24.71694628572696             
27.785682269728255            
25.73720972529587             
25.417988641758992            
25.037097852798684            
25.444941399429066            
28.370776117271507            
79.295652704666               
24.193336846836427            
25.55964141760225             
25.53090977281207             
80.78713836121376             
28.57917710942361             
79.33742374250949             
25.77102240166252             
25.2685197684746              
25.202729193672962            
26.852986188665344            
25.647624996703136            
73.59996394053208             
25.025702336089704            
22.487177688236706            
29.33479575613829             
26.61559976998856             
26.18551771824289             
25.21364438965753             
25.916720047978234            
23.136295507857255            
79.20078784968786             
19.83633669728952             
25.260120888218502            
27.94625959909438             
21.936272431462008            
24.16893543907628             
25.118980880789               
29.90016133418913             
25.445200437474938            
77.81314709119417             
23.53952339146084             
25.551017501430497            
25.261037970100414            
26.970333324790055            
25.18674813025139             
25.65276736229229             
25.902665563705796            
25.479345519371424            
26.549968337522422            
